crossing time (s)	slope (V/s)	crossing number
281474976710655.000000	Inf	2580	0.000000
281474976710655.000000	Inf	2581	0.000000
281474976710655.000000	Inf	2582	0.000000
281474976710655.000000	Inf	2583	0.000000
281474976710655.000000	Inf	2584	0.000000
281474976710655.000000	Inf	2585	0.000000
281474976710655.000000	Inf	2586	0.000000
281474976710655.000000	186.205490	2587	0.000000
281474976710655.000000	Inf	2588	0.000000
281474976710655.000000	190.765152	2589	0.000000
281474976710655.000000	Inf	2590	0.000000
281474976710655.000000	Inf	2591	0.000000
281474976710655.000000	Inf	2592	0.000000
281474976710655.000000	Inf	2593	0.000000
281474976710655.000000	Inf	2594	0.000000
281474976710655.000000	Inf	2595	0.000000
281474976710655.000000	Inf	2596	0.000000
281474976710655.000000	Inf	2597	0.000000
281474976710655.000000	196.229935	2598	0.000000
281474976710655.000000	Inf	2599	0.000000
281474976710655.000000	189.658585	2600	0.000000
281474976710655.000000	Inf	2601	0.000000
281474976710655.000000	Inf	2602	0.000000
281474976710655.000000	Inf	2603	0.000000
281474976710655.000000	Inf	2604	0.000000
281474976710655.000000	186.551117	2605	0.000000
281474976710655.000000	184.965881	2606	0.000000
281474976710655.000000	Inf	2607	0.000000
281474976710655.000000	Inf	2608	0.000000
281474976710655.000000	Inf	2609	0.000000
281474976710655.000000	Inf	2610	0.000000
281474976710655.000000	186.504364	2611	0.000000
281474976710655.000000	Inf	2612	0.000000
281474976710655.000000	Inf	2613	0.000000
281474976710655.000000	Inf	2614	0.000000
281474976710655.000000	179.966370	2615	0.000000
281474976710655.000000	Inf	2616	0.000000
281474976710655.000000	Inf	2617	0.000000
281474976710655.000000	Inf	2618	0.000000
281474976710655.000000	Inf	2619	0.000000
281474976710655.000000	186.014191	2620	0.000000
281474976710655.000000	183.270660	2621	0.000000
281474976710655.000000	191.781128	2622	0.000000
281474976710655.000000	Inf	2623	0.000000
281474976710655.000000	188.799561	2624	0.000000
281474976710655.000000	Inf	2625	0.000000
281474976710655.000000	Inf	2626	0.000000
281474976710655.000000	Inf	2627	0.000000
281474976710655.000000	Inf	2628	0.000000
281474976710655.000000	181.671204	2629	0.000000
281474976710655.000000	Inf	2630	0.000000
281474976710655.000000	Inf	2631	0.000000
281474976710655.000000	185.549683	2632	0.000000
281474976710655.000000	Inf	2633	0.000000
281474976710655.000000	182.977997	2634	0.000000
281474976710655.000000	Inf	2635	0.000000
281474976710655.000000	Inf	2636	0.000000
281474976710655.000000	182.659363	2637	0.000000
281474976710655.000000	Inf	2638	0.000000
281474976710655.000000	180.932053	2639	0.000000
281474976710655.000000	Inf	2640	0.000000
281474976710655.000000	Inf	2641	0.000000
281474976710655.000000	Inf	2642	0.000000
281474976710655.000000	Inf	2643	0.000000
281474976710655.000000	179.799652	2644	0.000000
281474976710655.000000	178.215164	2645	0.000000
281474976710655.000000	Inf	2646	0.000000
281474976710655.000000	178.545395	2647	0.000000
281474976710655.000000	Inf	2648	0.000000
281474976710655.000000	179.756577	2649	0.000000
281474976710655.000000	Inf	2650	0.000000
281474976710655.000000	Inf	2651	0.000000
281474976710655.000000	175.872421	2652	0.000000
281474976710655.000000	Inf	2653	0.000000
281474976710655.000000	178.126282	2654	0.000000
281474976710655.000000	Inf	2655	0.000000
281474976710655.000000	Inf	2656	0.000000
281474976710655.000000	Inf	2657	0.000000
281474976710655.000000	Inf	2658	0.000000
281474976710655.000000	Inf	2659	0.000000
281474976710655.000000	173.605255	2660	0.000000
281474976710655.000000	Inf	2661	0.000000
281474976710655.000000	174.062485	2662	0.000000
281474976710655.000000	Inf	2663	0.000000
281474976710655.000000	Inf	2664	0.000000
281474976710655.000000	Inf	2665	0.000000
281474976710655.000000	Inf	2666	0.000000
281474976710655.000000	Inf	2667	0.000000
281474976710655.000000	Inf	2668	0.000000
281474976710655.000000	Inf	2669	0.000000
281474976710655.000000	Inf	2670	0.000000
281474976710655.000000	Inf	2671	0.000000
281474976710655.000000	Inf	2672	0.000000
281474976710655.000000	170.999344	2673	0.000000
281474976710655.000000	Inf	2674	0.000000
281474976710655.000000	168.800720	2675	0.000000
281474976710655.000000	Inf	2676	0.000000
281474976710655.000000	165.337570	2677	0.000000
281474976710655.000000	Inf	2678	0.000000
281474976710655.000000	Inf	2679	0.000000
281474976710655.000000	169.530258	2680	0.000000
281474976710655.000000	167.187973	2681	0.000000
281474976710655.000000	Inf	2682	0.000000
281474976710655.000000	167.842819	2683	0.000000
281474976710655.000000	Inf	2684	0.000000
281474976710655.000000	Inf	2685	0.000000
281474976710655.000000	Inf	2686	0.000000
281474976710655.000000	Inf	2687	0.000000
281474976710655.000000	Inf	2688	0.000000
281474976710655.000000	161.907074	2689	0.000000
281474976710655.000000	Inf	2690	0.000000
281474976710655.000000	166.215363	2691	0.000000
281474976710655.000000	Inf	2692	0.000000
281474976710655.000000	160.850037	2693	0.000000
281474976710655.000000	Inf	2694	0.000000
281474976710655.000000	Inf	2695	0.000000
281474976710655.000000	Inf	2696	0.000000
281474976710655.000000	158.523972	2697	0.000000
281474976710655.000000	Inf	2698	0.000000
281474976710655.000000	162.347549	2699	0.000000
281474976710655.000000	Inf	2700	0.000000
281474976710655.000000	163.201935	2701	0.000000
281474976710655.000000	Inf	2702	0.000000
281474976710655.000000	Inf	2703	0.000000
281474976710655.000000	Inf	2704	0.000000
281474976710655.000000	Inf	2705	0.000000
281474976710655.000000	Inf	2706	0.000000
281474976710655.000000	Inf	2707	0.000000
281474976710655.000000	Inf	2708	0.000000
281474976710655.000000	159.196274	2709	0.000000
281474976710655.000000	Inf	2710	0.000000
281474976710655.000000	Inf	2711	0.000000
281474976710655.000000	Inf	2712	0.000000
281474976710655.000000	Inf	2713	0.000000
281474976710655.000000	Inf	2714	0.000000
281474976710655.000000	Inf	2715	0.000000
281474976710655.000000	Inf	2716	0.000000
281474976710655.000000	Inf	2717	0.000000
281474976710655.000000	Inf	2718	0.000000
281474976710655.000000	156.864059	2719	0.000000
281474976710655.000000	Inf	2720	0.000000
281474976710655.000000	156.985168	2721	0.000000
281474976710655.000000	Inf	2722	0.000000
281474976710655.000000	Inf	2723	0.000000
281474976710655.000000	Inf	2724	0.000000
281474976710655.000000	Inf	2725	0.000000
281474976710655.000000	Inf	2726	0.000000
281474976710655.000000	Inf	2727	0.000000
281474976710655.000000	Inf	2728	0.000000
281474976710655.000000	Inf	2729	0.000000
281474976710655.000000	158.191315	2730	0.000000
281474976710655.000000	Inf	2731	0.000000
281474976710655.000000	79.053757	2732	0.000000
281474976710655.000000	Inf	2733	0.000000
281474976710655.000000	79.048935	2734	0.000000
281474976710655.000000	Inf	2735	0.000000
281474976710655.000000	Inf	2736	0.000000
281474976710655.000000	Inf	2737	0.000000
281474976710655.000000	Inf	2738	0.000000
281474976710655.000000	Inf	2739	0.000000
281474976710655.000000	Inf	2740	0.000000
281474976710655.000000	157.764709	2741	0.000000
281474976710655.000000	Inf	2742	0.000000
281474976710655.000000	152.593613	2743	0.000000
281474976710655.000000	76.050781	2744	0.000000
281474976710655.000000	154.179718	2745	0.000000
281474976710655.000000	150.422211	2746	0.000000
281474976710655.000000	155.873566	2747	0.000000
281474976710655.000000	150.689011	2748	0.000000
281474976710655.000000	153.899963	2749	0.000000
281474976710655.000000	153.651413	2750	0.000000
281474976710655.000000	152.090027	2751	0.000000
281474976710655.000000	152.135956	2752	0.000000
281474976710655.000000	Inf	2753	0.000000
281474976710655.000000	Inf	2754	0.000000
281474976710655.000000	Inf	2755	0.000000
281474976710655.000000	Inf	2756	0.000000
281474976710655.000000	Inf	2757	0.000000
281474976710655.000000	Inf	2758	0.000000
